95
1 952 52 19
2 1060 8 30
3 397 41 41
4 1334 51 51
5 1210 5 49
6 589 11 64
7 1121 43 30
8 1206 42 85
9 463 18 83
10 351 24 69
11 974 51 5
12 812 1 86
13 726 49 72
14 711 26 68
15 435 59 38
16 742 34 48
17 298 29 18
18 1418 9 31
19 1271 37 25
20 717 44 61
21 395 37 47
22 1295 51 80
23 767 10 33
24 401 24 14
25 488 58 12
26 1435 53 89
27 142 45 23
28 1038 20 52
29 1035 21 72
30 1414 46 24
31 339 39 56
32 547 57 69
33 222 27 91
34 1090 48 80
35 585 46 79
36 1320 35 49
37 645 58 25
38 1231 11 7
39 1370 11 31
40 126 59 67
41 1029 8 94
42 606 2 23
43 947 16 43
44 1274 7 84
45 1305 21 99
46 139 33 15
47 1114 50 24
48 264 26 43
49 606 42 54
50 1284 45 26
51 151 20 95
52 218 6 28
53 1151 58 64
54 194 37 39
55 1211 36 19
56 1084 58 46
57 556 8 26
58 481 52 90
59 1009 11 39
60 893 18 33
61 1401 11 31
62 212 18 82
63 233 5 94
64 636 41 37
65 1136 17 24
66 930 50 49
67 710 36 62
68 1035 16 66
69 837 48 19
70 1173 59 62
71 858 45 98
72 162 28 19
73 1163 7 67
74 1212 16 20
75 440 21 58
76 1355 26 51
77 206 8 46
78 573 44 20
79 627 42 86
80 181 59 68
81 1135 49 85
82 688 42 50
83 167 33 58
84 673 57 5
85 709 56 52
86 262 47 18
87 551 19 94
88 1308 29 65
89 344 9 15
90 648 9 10
91 294 16 34
92 689 49 39
93 266 26 28
94 807 31 19
95 78 49 34
