144
1 235 5 36.194
2 1353 24 72.709
3 1165 46 85.678
4 129 43 30.216
5 1077 5 50.852
6 172 17 77.4
7 1006 7 78.693
8 1183 12 36.758
9 739 3 2.25
10 1117 51 55.189
11 844 23 83.022
12 606 54 21.976
13 1125 32 76.08
14 885 29 80.932
15 256 11 35.863
16 1436 57 38.899
17 271 60 91.445
18 17 25 25.209
19 1282 50 52.751
20 304 27 61.353
21 1043 34 44.415
22 237 44 7.939
23 962 60 4.06
24 307 16 61.608
25 215 28 65.604
26 294 14 75.053
27 1402 36 94.656
28 1029 35 53.371
29 1417 10 2.611
30 499 49 53.224
31 189 60 97.502
32 563 17 86.543
33 970 16 56.317
34 111 1 24.127
35 291 45 31.866
36 354 30 51.829
37 239 34 65.51
38 1048 44 74.178
39 620 29 72.45
40 783 13 15.883
41 359 33 57.419
42 251 49 63.709
43 1133 9 55.446
44 132 11 24.535
45 1288 52 19.387
46 1297 18 29.852
47 215 37 35.441
48 379 34 4.458
49 372 31 8.199
50 574 26 45.215
51 885 24 54.997
52 637 39 29.411
53 988 54 92.603
54 428 47 80.664
55 836 2 6.641
56 1340 28 93.995
57 735 51 55.344
58 91 50 22.016
59 272 47 30.971
60 267 47 67.507
61 984 33 13.095
62 1205 15 81.617
63 784 4 4.555
64 1302 38 67.16
65 1135 31 36.686
66 726 54 24.555
67 1438 32 89.142
68 1328 14 16.439
69 848 20 83.612
70 285 49 45.206
71 639 55 38.346
72 1176 56 90.718
73 953 4 91.754
74 353 2 82.253
75 398 22 40.457
76 1146 35 54.74
77 1328 1 46.403
78 645 59 77.8
79 1060 58 25.092
80 11 22 9.182
81 745 45 61.002
82 210 4 22.13
83 37 34 45.524
84 767 21 57.437
85 1191 16 15.429
86 147 20 95.192
87 1107 59 78.652
88 450 12 28.89
89 598 37 19.19
90 866 16 38.011
91 434 19 52.95
92 750 5 27.263
93 547 57 39.369
94 1396 16 79.168
95 146 34 73.717
96 446 2 60.766
97 320 29 87.176
98 762 52 89.528
99 1342 39 44.19
100 221 16 92.295
101 1258 36 17.838
102 630 50 6.006
103 1197 32 14.622
104 142 43 33.016
105 420 9 24.787
106 549 50 79.191
107 885 54 4.679
108 136 49 46.605
109 772 57 78.211
110 1049 28 56.998
111 1057 36 26.68
112 742 58 34.745
113 385 27 29.133
114 1308 34 87.148
115 205 12 93.972
116 142 19 88.488
117 974 11 83.564
118 527 7 30.247
119 490 36 56.081
120 444 10 94.443
121 1155 59 3.052
122 275 7 80.442
123 376 35 14.83
124 780 32 52.805
125 50 51 66.225
126 467 28 2.264
127 313 39 61.872
128 557 9 57.689
129 903 16 47.93
130 596 1 29.564
131 723 58 90.302
132 1270 8 92.13
133 1226 24 79.003
134 498 11 30.442
135 184 29 94.907
136 77 1 83.203
137 224 37 28.658
138 499 43 91.437
139 1397 38 21.334
140 765 8 10.252
141 621 37 12.485
142 813 38 79.606
143 729 16 22.651
144 654 34 78.825
