197
1 1039 51 4.239
2 1127 45 90.554
3 233 22 55.97
4 716 45 28.604
5 1099 6 6.914
6 255 11 47.312
7 1233 30 83.703
8 652 6 9.08
9 1120 33 8.817
10 1189 53 56.716
11 553 38 75.096
12 444 45 70.811
13 105 58 64.405
14 379 11 22.338
15 1257 14 69.131
16 479 56 59.501
17 982 57 61.447
18 192 33 58.811
19 677 59 66.512
20 863 42 30.95
21 1273 1 80.456
22 593 52 23.967
23 672 32 79.773
24 5 41 53.583
25 432 38 77.044
26 804 34 34.532
27 721 2 15.621
28 187 8 78.398
29 737 47 16.763
30 733 28 60.717
31 448 32 35.508
32 1040 12 85.837
33 1102 5 39.704
34 309 30 6.57
35 1148 22 8.024
36 526 55 29.983
37 411 56 1.062
38 213 52 2.667
39 1151 49 37.523
40 217 28 59.453
41 41 13 60.949
42 110 60 57.505
43 710 20 37.478
44 158 24 5.959
45 25 22 54.64
46 198 18 25.459
47 290 58 60.843
48 402 34 49.975
49 522 52 72.085
50 1110 59 26.947
51 1111 31 97.63
52 1333 46 95.911
53 490 53 30.0
54 675 43 85.231
55 622 7 25.535
56 407 15 44.564
57 606 33 54.577
58 796 50 56.348
59 70 43 9.14
60 576 26 95.086
61 672 16 65.415
62 400 15 16.916
63 953 28 37.021
64 776 29 56.616
65 940 48 35.266
66 553 6 31.616
67 316 35 49.327
68 1356 41 68.202
69 282 38 68.658
70 694 42 29.859
71 1350 45 98.284
72 269 29 8.65
73 1189 33 33.281
74 931 53 11.508
75 119 8 48.371
76 1064 16 37.377
77 834 47 48.464
78 1406 55 37.119
79 1128 32 50.787
80 790 24 10.954
81 1156 33 85.319
82 1205 47 17.834
83 1256 49 4.735
84 783 23 38.55
85 642 39 13.582
86 952 5 90.415
87 45 45 64.972
88 591 60 18.184
89 816 28 82.448
90 571 43 2.0
91 991 9 87.838
92 920 28 89.378
93 738 27 44.891
94 846 45 76.068
95 939 5 14.747
96 892 28 3.206
97 1146 26 58.678
98 376 19 83.217
99 962 12 91.249
100 410 44 73.133
101 840 47 26.465
102 961 60 61.226
103 918 13 4.291
104 349 36 58.757
105 352 44 53.129
106 1280 18 62.564
107 837 60 31.608
108 1051 49 53.509
109 477 1 87.134
110 631 53 31.554
111 422 41 65.302
112 205 50 1.267
113 861 2 35.506
114 1094 31 82.645
115 755 39 46.893
116 887 19 11.18
117 68 1 2.134
118 583 40 94.498
119 805 49 83.552
120 1146 31 37.155
121 1201 6 76.988
122 1073 44 6.124
123 242 40 72.072
124 397 3 93.918
125 1309 12 26.875
126 135 57 39.555
127 995 39 26.296
128 64 5 26.506
129 417 5 38.692
130 529 48 27.403
131 185 36 28.358
132 1117 1 9.205
133 115 18 13.849
134 176 44 93.68
135 113 30 8.11
136 570 51 90.645
137 1290 16 62.634
138 877 3 46.884
139 1387 18 77.252
140 484 43 65.717
141 400 31 77.25
142 210 25 89.015
143 319 16 43.304
144 1236 5 74.661
145 713 18 31.546
146 1149 25 30.105
147 272 41 73.043
148 1205 55 71.151
149 1123 9 71.764
150 967 23 36.295
151 1370 44 46.935
152 929 32 73.492
153 1088 31 76.094
154 721 33 10.349
155 1120 56 4.391
156 707 19 16.937
157 1279 55 7.159
158 585 57 23.188
159 307 52 78.386
160 80 40 54.431
161 207 55 13.559
162 904 33 20.616
163 482 9 82.601
164 713 10 11.559
165 834 20 31.671
166 625 49 32.847
167 144 41 24.074
168 1206 37 60.291
169 305 14 74.046
170 292 19 63.331
171 853 58 41.57
172 142 31 27.227
173 1039 50 2.587
174 1048 54 49.831
175 206 11 58.453
176 1082 44 26.268
177 138 22 37.25
178 479 36 81.382
179 1219 51 86.83
180 843 47 37.732
181 443 22 13.915
182 1054 9 24.481
183 1397 52 16.968
184 1432 23 40.025
185 1196 41 35.534
186 388 45 69.902
187 821 23 95.959
188 339 44 50.683
189 703 44 87.993
190 578 14 19.705
191 22 21 83.809
192 289 37 91.636
193 265 17 68.153
194 1261 58 89.867
195 274 60 66.887
196 1275 13 50.617
197 153 19 52.868
